99760
35362
85780
84732
78096
85526
6636
72817
74690
70033
73102
80583
71982
68869
88504
53375
68072
35587
85779
41594
93722
93975
871
1688
93135
68823
85778
15257
76166
84708
3170
1452
45490
88177
73969
93149
36632
35779
21525
85782
84750
99406
11824
25352
90241
88208
101140
2820
68837
40241
57306
92466
1554
85781
89025
35272
17495
88209
15871
52592
53470
100693
55347
63643
15255
2184
99076
70035
43136
71476
82496
40866
1667
78187
80914
62225
86937
40137
53374
30027
91635
39556
7056
62672
6070
56704
79147
25523
5322
56304
67683
99185
88524
55128
88210
61333
12757
3298
35498
86644
88526
58517
82781
70076
55226
55129
35643
58354
21169
59003
8138
70085
43839
83731
56649
70034
94275
71035
7939
55131
58623
3506
32610
99188
11474
55141
21165
30869
16762
69523
31775
29810
88309
46027
60001
56301
40270
78288
57526
88525
38784
1526
55508
50614
25988
56348
89924
57525
52439
4222
87024
53089
69913
58119
68632
35736
96903
53304
4809
38379
6262
6719
52639
32361
35807
57524
55611
12827
40657
13552
57523
86469
41042
5504
56877
37283
159
83759
5770
1034
7931
41753
17163
73889
35444
52910
69770
18957
9032
26069
24306
30262
60529
24502
72361
80984
36226
58706
5375
100066
79313
12444
98555
29462
89638
55332
75022
25704
31070
68170
7546
13076
95698
7426
52318
15778
15912
51770
67704
11042
68849
8483
32399
33082
53184
52913
25444
49347
41649
45863
61547
12905
6702
4116
52663
20228
35175
10525
74570
31447
57087
56927
41326
6456
55264
25166
11849
62989
39249
1702
53204
72370
72422
52334
26333
36277
72434
11791
52372
62707
50804
26325
12760
79079
86833
14931
35499
24886
40736
57244
86805
1388
68159
30880
23816
8258
12899
18956
426
4860
3130
76310
9088
57513
35842
11069
91904
30780
57307
6626
56305
53100
8791
33777
51043
51050
38363
61432