2021	897
2021	898
2021	899
2021	900
2021	901
2021	903
2021	905
2021	907
2021	910
2021	912
2021	913
2021	919
2021	920
2021	921
2021	922
2021	923
2021	924
2021	925
2021	926
2021	927
2021	1177
2021	1182
2021	1183
2021	1184
2021	1186
2021	1187
2021	1188
2021	1189
2021	1190
2021	1191
2021	1192
2021	1193
2021	1194
2021	1196
2021	1197
2021	1198
2021	1202
2021	1203
2021	1204
2021	1205
2021	1207
2021	1210
2021	1211
2021	1212
2021	1213
2021	1214
2021	1215
2021	1216
2021	1217
2021	1218
2021	1219
2021	1220
2021	1221
2021	1222
2021	1224
2021	1225
2021	1226
2021	1227
2021	1228
2021	1229
2021	1230
2021	1231
2021	1232
2021	1135
2021	1137
2021	1139
2021	1140
2021	1141
2021	1142
2021	1143
2021	1145
2021	1146
2021	1147
2021	1148
2021	1149
2021	1151
2021	1153
2021	1154
2021	1156
2021	1159
2021	1160
2021	1161
2021	1168
2021	1171
2021	1175
2021	1176
2021	386
2021	387
2021	390
2021	391
2021	392
2021	396
2021	398
2021	399
2021	400
2021	402
2021	405
2021	407
2021	410
2021	413
2021	414
2021	415
2021	416
2021	417
2021	418
2021	420
2021	421
2021	422
2021	429
2021	430
2021	431
2021	436
2021	442
2021	443
2021	444
2021	446
2021	447
2021	448
2021	449
2021	453
2021	454
2021	455
2021	457
2021	459
2021	460
2021	461
2021	462
2021	464
2021	465
2021	466
2021	471
2021	472
2021	473
2021	474
2021	476
2021	477
2021	478
2021	481
2021	485
2021	487
2021	490
2021	491
2021	492
2021	494
2021	495
2021	496
2021	497
2021	498
2021	499
2021	500
2021	501
2021	505
2021	506
2021	507
2021	508
2021	511
2021	514
2021	517
2021	518
2021	520
2021	521
2021	522
2021	523
2021	524
2021	525
2021	526
2021	529
2021	531
2021	532
2021	533
2021	534
2021	535
2021	538
2021	540
2021	541
2021	542
2021	548
2021	550
2021	553
2021	554
2021	556
2021	558
2021	560
2021	562
2021	564
2021	565
2021	568
2021	572
2021	575
2021	577
2021	579
2021	580
2021	581
2021	582
2021	584
2021	585
2021	586
2021	588
2021	591
2021	594
2021	596
2021	598
2021	599
2021	601
2021	602
2021	603
2021	604
2021	606
2021	607
2021	609
2021	610
2021	612
2021	615
2021	616
2021	618
2021	619
2021	621
2021	622
2021	624
2021	627
2021	628
2021	633
2021	634
2021	635
2021	636
2021	637
2021	643
2021	644
2021	648
2021	651
2021	655
2021	656
2021	657
2021	659
2021	660
2021	661
2021	662
2021	663
2021	664
2021	665
2021	666
2021	667
2021	928
2021	929
2021	930
2021	935
2021	936
2021	941
2021	944
2021	948
2021	955
2021	956
2021	958
2021	959
2021	960
2021	961
2021	962
2021	963
2021	964
2021	965
2021	966
2021	967
2021	972
2021	974
2021	975
2021	976
2021	980
2021	984
2021	986
2021	989
2021	992
2021	669
2021	670
2021	671
2021	674
2021	676
2021	679
2021	680
2021	683
2021	684
2021	688
2021	693
2021	694
2021	695
2021	696
2021	697
2021	699
2021	705
2021	709
2021	710
2021	711
2021	713
2021	714
2021	715
2021	717
2021	718
2021	719
2021	721
2021	997
2021	998
2021	999
2021	1001
2021	1004
2021	1010
2021	724
2021	727
2021	728
2021	729
2021	732
2021	734
2021	735
2021	736
2021	737
2021	738
2021	742
2021	743
2021	744
2021	745
2021	747
2021	749
2021	750
2021	751
2021	757
2021	758
2021	762
2021	767
2021	768
2021	773
2021	775
2021	779
2021	781
2021	783
2021	784
2021	785
2021	789
2021	790
2021	791
2021	1018
2021	1020
2021	1021
2021	1025
2021	1026
2021	1027
2021	1028
2021	1030
2021	1031
2021	1032
2021	1033
2021	1040
2021	1042
2021	1043
2021	1047
2021	1048
2021	1049
2021	1050
2021	1051
2021	1052
2021	1053
2021	1057
2021	1058
2021	1059
2021	1060
2021	1061
2021	1063
2021	1064
2021	1065
2021	1067
2021	1068
2021	792
2021	793
2021	798
2021	801
2021	802
2021	803
2021	804
2021	805
2021	807
2021	809
2021	810
2021	811
2021	814
2021	817
2021	818
2021	819
2021	820
2021	821
2021	822
2021	823
2021	824
2021	826
2021	827
2021	1069
2021	1071
2021	1072
2021	1074
2021	1078
2021	1079
2021	1084
2021	1085
2021	1086
2021	1087
2021	1088
2021	1089
2021	1090
2021	1091
2021	1092
2021	1093
2021	1098
2021	1099
2021	1100
2021	1101
2021	1106
2021	1107
2021	1108
2021	1109
2021	1115
2021	1116
2021	1117
2021	1119
2021	1120
2021	1122
2021	1123
2021	1125
2021	1126
2021	1128
2021	1130
2021	1131
2021	829
2021	830
2021	831
2021	832
2021	834
2021	836
2021	837
2021	842
2021	844
2021	847
2021	849
2021	850
2021	852
2021	853
2021	858
2021	860
2021	861
2021	863
2021	864
2021	869
2021	878
2021	879
2021	882
2021	883
2021	889
2021	892